0
0.540302
-0.832294
-2.96998
-2.61457
1.41831
5.76102
5.27732
-1.164
-8.20017
-8.39072
0.0486827
10.1262
11.7968
1.91432
-11.3953
-15.3226
-4.67778
11.8857
18.7854
8.16164
-11.5023
-21.9991
-12.2552
10.1803
24.7801
16.8199
-7.88775
-26.953
-21.6937
4.62754
28.357
26.6951
-0.438133
-28.8514
-31.6292
-4.60669
28.3203
36.2928
10.3991
-26.6775
-40.4809
-16.7994
23.8699
43.9931
23.6395
-19.8802
-46.6398
-30.7269
14.729
48.2483
37.8499
-8.47552
-48.669
-44.7827
1.21697
47.7803
51.2924
6.91245
-45.4937
-57.1448
-15.7442
41.7574
62.1115
25.0789
-36.5595
-65.9767
-34.6906
29.9297
68.5439
44.3323
-21.9406
-69.642
-53.7421
12.7071
69.1313
62.6492
-2.38508
-66.9086
-70.7817
-8.83098
62.9116
77.8736
20.7118
-57.122
-83.672
-32.9981
49.5683
87.9448
45.4058
-40.3266
-90.4874
-57.6329
29.5209
91.1292
69.3665
-17.3213
-89.7393
-80.2902
3.94227
86.2319
90.0925
10.3617
-80.5698
-98.4743
-25.3007
72.7676
105.157
40.555
-62.8932
-109.892
-55.7824
51.0685
112.465
70.6253
-37.4681
-112.705
-84.7194
22.3173
110.488
97.7017
-5.8883
-105.746
-109.22
-11.5042
98.4643
118.942
29.5096
-88.6907
-126.563
-47.7479
76.5314
131.814
65.818
-62.1531
-134.472
-83.3066
45.7807
134.364
99.797
-27.6939
-131.373
-114.879
8.22286
125.445
128.16
12.2581
-116.591
-139.272
-33.3374
104.888
147.883
54.5747
-90.4796
-153.704
-75.51
73.5778
156.502
95.6734
-54.4567
-156.101
-114.596
33.4501
152.389
131.819
-10.9456
-145.326
-146.908
-12.6229
134.946
159.459
36.783
-121.355
-169.112
-61.0338
104.735
175.559
84.856
-85.3401
-178.552
-107.723
63.4943
177.911
129.112
-39.5848
-173.531
-148.517
14.0561
165.384
165.459
12.5983
-153.525
-179.499
-39.8454
138.088
190.246
67.1234
-119.294
-197.372
-93.8535
97.4375
200.615
119.452
-72.8917
-199.79
-143.342
46.0967
194.795
164.969
-17.5538
-185.614
-183.809
-12.1842
172.323
199.386
42.5236
-155.085
-211.28
-72.8419
134.153
219.139
102.5
-109.867
-222.686
-130.857
82.6469
221.731
157.282
-52.9846
-216.175
-181.17
21.4382
206.012
201.953
11.3802
-191.337
-219.117
-44.8167
172.34
232.209
78.1875
-149.31
-240.854
-110.794
122.627
244.76
141.936
-92.7578
-243.731
-170.93
60.2471
237.666
197.117
-25.7088
-226.573
-219.887
-10.1864
210.562
238.685
46.7238
-189.85
-253.027
-83.1588
164.761
262.512
118.732
-135.714
-266.833
-152.686
103.222
265.783
184.28
-67.8829
-259.265
-212.807
30.3647
247.292
237.607
8.60268
-229.993
-258.087
-48.2442
207.612
273.73
87.7543
-180.503
-284.109
-126.313
149.125
288.898
163.104
-114.039
-287.883
-197.331
75.8904
280.965
228.234
-35.4054
-268.164
-255.108
-6.62899
249.627
277.318
49.3772
-225.621
-294.312
-91.9725
196.531
305.638
133.535
-162.858
-310.951
-173.188
125.204
310.026
210.078
-84.2683
-302.761
-243.395
40.83
289.186
272.386
4.26541
-269.46
-296.373
-50.122
243.873
314.769
95.8121
-212.844
-327.096
-140.394
176.909
332.987
182.933
-136.717
-332.206
-222.519
93.015
324.65
258.287
-46.6376
-310.351
-289.436
-1.51207
289.485
315.247
50.4782
-262.365
-335.096
-99.2716
229.437
348.476
146.89
-191.276
-355
-192.339
148.574
354.419
234.65
-102.129
